370
857
1307
1803
2314
2428
2429
2548
2696
2750
2803
2938
3068
3038
3096
3149
3190
2991
2913
2800
2741
2523
2462
2393
2280
2136
1997
1866
1727
1615
1502
1454
1390
1345
1321
1223
1232
1231
1117
1089
1161
1145
1126
1219
1297
1316
1442
1522
1644
1622
1970
2267
2598
2785
3114
3145
3092
3048
3111
3070
2985
2944
2966
2971
3007
3102
3135
3079
3032
2964
2837
2851
2866
2917
2977
2606
2173
1786
1376
952
1051
1120
1178
1167
1169
1036
959
951
960
989
1111
1146
1116
1134
1151
1120
1119
1094
1144
1056
984
907
872
713