0
1852
2433
392
48
306
-56
-113
413
781
-16
-531
289
801
-43
-374
-117
201
-458
-634
56
-24
-324
-471
116
-206
-399
-449
-413
118
-109
-271
-133
-168
140
91
-541
30
318
-470
-45
388
90
-140
78
440
14
331
166
58
-67
1138
1927
82
-496
-74
361
16
-293
87
-58
-381
14
242
316
17
65
-1
-511
-85
-42
-338
414
197
95
187
-2442
-2055
117
213
0
101
408
-85
-188
-280
-510
10
546
241
-97
55
36
-211
156
137
-186
-52
-186
409
-173
-795
0
0