0
0
1852
2433
2244
2481
2550
2425
2437
2838
3218
2822
2687
3111
3488
3068
3114
2951
3315
2493
2681
2549
2657
2225
2186
2341
1980
1942
1531
1529
1649
1420
1378
1287
1210
1427
1301
886
1331
1204
861
1159
1249
1249
1109
1327
1549
1341
1880
1507
1938
1440
3076
3367
3158
2871
3084
3232
3100
2939
3187
2881
2806
2895
3048
3211
3065
3276
3064
2765
2979
2723
2641
3137
2838
3232
3025
790
970
907
1183
907
1284
1315
1199
1127
919
617
929
1163
1170
1066
1225
1102
1014
1258
1151
1072
1099
886
1508
713
713
713