110
589
1459
2105
2341
2434
2478
2485
2583
2807
2953
2902
2900
3079
3226
3175
3098
3057
2980
2766
2640
2584
2500
2345
2248
2186
2043
1851
1663
1576
1541
1463
1372
1306
1296
1304
1227
1143
1163
1130
1066
1117
1195
1214
1229
1324
1439
1529
1644
1686
1779
2071
2689
3102
3129
3042
3073
3125
3097
3051
3026
2940
2882
2928
3036
3121
3149
3140
3038
2916
2851
2791
2811
2927
3003
2936
2404
1522
1046
981
1043
1088
1189
1244
1197
1075
913
827
924
1070
1132
1137
1141
1117
1114
1153
1146
1097
1068
1087
1095
914
760
713