0.000000
0.000000
1852.000046
2433.000088
2243.999958
2481.000185
2549.999952
2424.999952
2436.999798
2837.999821
3217.999935
2822.000027
2687.000036
3111.000061
3487.999678
3067.999840
3113.999844
2951.000023
3315.000057
2493.000031
2681.000233
2549.000025
2657.000065
2224.999905
2186.000109
2341.000080
1979.999924
1942.000008
1531.000042
1528.999901
1648.999929
1419.999981
1378.000021
1286.999941
1210.000038
1426.999950
1300.999999
885.999966
1331.000090
1203.999996
860.999966
1159.000039
1248.999953
1248.999953
1108.999968
1326.999903
1549.000025
1341.000080
1879.999924
1506.999969
1938.000107
1439.999962
3075.999975
3367.000103
3157.999754
2871.000099
3084.000111
3231.999874
3099.999905
2938.999939
3187.000036
2881.000042
2806.000233
2894.999981
3047.999859
3210.999966
3065.000057
3276.000261
3063.999891
2764.999866
2978.999901
2723.000050
2641.000032
3137.000084
2837.999821
3231.999874
3025.000095
790.000010
969.999981
906.999969
1182.999973
906.999969
1283.999920
1314.999938
1198.999996
1126.999974
919.000053
617.000008
928.999996
1162.999988
1169.999957
1065.999985
1225.000024
1101.999998
1014.000058
1258.000016
1151.000023
1071.999907
1098.999977
885.999966
1507.999992
713.000011
713.000011
713.000011