370.400000
856.999969
1305.800080
1802.000046
2311.999798
2426.599979
2427.399874
2546.200037
2693.600178
2747.999907
2800.399780
2935.199928
3065.200329
3035.200119
3093.600512
3146.399975
3187.200069
2988.199997
2910.800171
2797.800064
2738.999844
2521.000147
2459.599972
2391.600132
2277.800083
2134.800196
1996.000099
1864.599991
1726.200342
1614.200211
1501.399994
1452.600098
1388.800030
1344.400048
1320.600152
1222.199917
1230.999947
1229.799986
1116.599917
1088.200092
1160.799980
1144.400001
1125.399947
1218.600035
1296.600103
1314.999938
1441.200018
1520.800018
1643.000031
1621.199989
1968.199921
2265.600204
2595.800161
2782.400131
3111.200333
3142.400026
3088.999987
3045.199871
3108.399868
3067.800045
2982.600021
2941.599655
2963.400364
2968.200207
3004.999876
3098.999977
3132.799864
3076.200008
3029.799938
2961.400223
2834.399986
2848.999977
2863.600254
2914.200306
2974.600315
2604.400158
2171.000004
1784.800148
1375.000000
951.399994
1050.200105
1119.199991
1177.600145
1166.399956
1168.800116
1035.400033
958.199978
951.000023
959.599972
989.000130
1110.600114
1145.200014
1115.400076
1133.000016
1149.999976
1119.400024
1118.800044
1093.199968
1143.200159
1055.599928
983.799934
906.599998
871.999931
713.000011