111.119998
590.459967
1459.360027
2105.100155
2341.080189
2434.440136
2478.300095
2486.020088
2584.000111
2807.219982
2953.040123
2902.939796
2901.079941
3079.800367
3226.219893
3175.399780
3098.339796
3057.019949
2980.260372
2766.239882
2640.799999
2583.800077
2500.579834
2345.719814
2248.460293
2186.259985
2042.939901
1851.639938
1663.179970
1576.520061
1541.900063
1463.439941
1372.420073
1306.740046
1296.100140
1303.819895
1227.979898
1143.939972
1163.720131
1130.380034
1066.319942
1117.179990
1195.720081
1214.679956
1229.719996
1324.120045
1439.259911
1529.400110
1644.739866
1685.979843
1779.839754
2071.799994
2689.839840
3101.619959
3129.920006
3042.419910
3073.799610
3125.560045
3097.300053
3051.259995
3025.960207
2940.759850
2882.739830
2928.479958
3036.900043
3121.780396
3149.600267
3139.919996
3038.079739
2916.259766
2851.019859
2792.119741
2811.820030
2927.059937
3003.720045
2935.540199
2403.760195
1523.139954
1047.760010
981.339931
1043.800116
1088.200092
1189.800024
1243.960023
1197.860003
1075.040102
913.840008
827.719975
924.139977
1069.939971
1132.200003
1137.099981
1141.360044
1117.599964
1114.560127
1153.239965
1146.379828
1097.440004
1069.060087
1087.179899
1095.679998
914.180088
760.699940
713.000011