0.000000
1852.000046
2433.000088
392.000008
48.000002
305.999994
-55.999999
-113.000000
413.000011
780.999994
-16.000000
-530.999994
288.999987
801.000023
-43.000002
-374.000025
-116.999996
200.999999
-457.999992
-634.000015
55.999999
-24.000001
-324.000025
-471.000004
116.000009
-205.999994
-399.000025
-449.000025
-413.000011
118.000007
-108.999991
-271.000004
-133.000004
-167.999992
139.999998
91.000004
-540.999985
30.000000
317.999983
-469.999981
-45.000000
387.999992
90.000000
-139.999998
78.000002
440.000010
14.000000
330.999994
166.000009
58.000002
-66.999998
1138.000011
1927.000046
81.999998
-496.000004
-74.000001
360.999990
16.000000
-292.999983
86.999998
-58.000002
-380.999994
14.000000
242.000008
316.000009
17.000000
65.000000
-1.000000
-510.999966
-85.000000
-41.999998
-337.999988
414.000034
197.000008
95.000000
187.000008
-2441.999912
-2054.999828
116.999996
212.999988
0.000000
100.999999
407.999992
-85.000000
-187.999992
-279.999995
-509.999990
10.000000
546.000004
241.000009
-96.999998
55.000000
35.999999
-211.000013
156.000004
137.000000
-186.000004
-51.999998
-186.000004
409.000015
-172.999992
-794.999981
0.000000
0.000000